0 0 120 768 3 3
1 1 48 768 3 3
2 2 0 768 3 3
3 3 0 816 3 3
4 4 -2 864 3 3
1 4 216 768 3 3
2 5 288 768 3 3
1 6 336 768 3 3
0 7 408 768 3 3
1 8 504 768 3 3
2 9 576 768 3 3
1 10 624 768 3 3
0 11 696 768 3 3
1 12 792 768 3 3
2 13 864 768 3 3
1 14 912 768 3 3
0 15 984 768 3 3
1 16 1080 768 3 3
2 17 1152 768 3 3
1 18 1200 768 3 3
0 19 1272 768 3 3
1 20 1368 768 3 3
2 21 1440 768 3 3
1 22 1488 768 3 3
0 23 1560 768 3 3
1 24 1656 768 3 3
2 25 1728 768 3 3
1 26 1776 768 3 3
2 27 1848 768 3 3
3 28 24 816 3 3
3 29 48 816 3 3
3 30 72 816 3 3
3 31 96 816 3 3
3 32 120 816 3 3
3 33 144 816 3 3
3 34 168 816 3 3
3 35 192 816 3 3
3 36 216 816 3 3
3 37 240 816 3 3
3 38 264 816 3 3
3 39 288 816 3 3
3 40 312 816 3 3
3 41 336 816 3 3
3 42 360 816 3 3
3 43 384 816 3 3
3 44 408 816 3 3
3 45 432 816 3 3
3 46 456 816 3 3
3 47 480 816 3 3
3 48 504 816 3 3
3 49 528 816 3 3
3 50 552 816 3 3
3 51 576 816 3 3
3 52 600 816 3 3
3 53 624 816 3 3
3 54 648 816 3 3
3 55 672 816 3 3
3 56 696 816 3 3
3 57 720 816 3 3
3 58 744 816 3 3
3 59 768 816 3 3
3 60 792 816 3 3
3 61 816 816 3 3
3 62 840 816 3 3
3 63 864 816 3 3
3 64 888 816 3 3
3 65 912 816 3 3
3 66 936 816 3 3
3 67 960 816 3 3
3 68 984 816 3 3
3 69 1008 816 3 3
3 70 1032 816 3 3
3 71 1056 816 3 3
3 72 1080 816 3 3
3 73 1104 816 3 3
3 74 1128 816 3 3
3 75 1152 816 3 3
3 76 1176 816 3 3
3 77 1200 816 3 3
3 78 1224 816 3 3
3 79 1248 816 3 3
3 80 1272 816 3 3
3 81 1296 816 3 3
3 82 1320 816 3 3
3 83 1344 816 3 3
3 84 1368 816 3 3
3 85 1392 816 3 3
3 86 1416 816 3 3
3 87 1440 816 3 3
3 88 1464 816 3 3
3 89 1488 816 3 3
3 90 1512 816 3 3
3 91 1536 816 3 3
3 92 1560 816 3 3
3 93 1584 816 3 3
3 94 1608 816 3 3
3 95 1632 816 3 3
3 96 1656 816 3 3
3 97 1680 816 3 3
3 98 1704 816 3 3
3 99 1728 816 3 3
3 100 1752 816 3 3
3 101 1776 816 3 3
3 102 1800 816 3 3
3 103 1824 816 3 3
3 104 1848 816 3 3
3 105 1872 816 3 3
3 106 -12 840 2.8125 2.8125
3 107 12 840 2.8125 2.8125
3 108 36 840 2.8125 2.8125
3 109 60 840 2.8125 2.8125
3 110 84 840 2.8125 2.8125
3 111 108 840 2.8125 2.8125
3 112 132 840 2.8125 2.8125
3 113 156 840 2.8125 2.8125
3 114 180 840 2.8125 2.8125
3 115 204 840 2.8125 2.8125
3 116 228 840 2.8125 2.8125
3 117 252 840 2.8125 2.8125
3 118 276 840 2.8125 2.8125
3 119 300 840 2.8125 2.8125
3 120 324 840 2.8125 2.8125
3 121 348 840 2.8125 2.8125
3 122 372 840 2.8125 2.8125
3 123 396 840 2.8125 2.8125
3 124 420 840 2.8125 2.8125
3 125 444 840 2.8125 2.8125
3 126 468 840 2.8125 2.8125
3 127 492 840 2.8125 2.8125
3 128 516 840 2.8125 2.8125
3 129 540 840 2.8125 2.8125
3 130 564 840 2.8125 2.8125
3 131 588 840 2.8125 2.8125
3 132 612 840 2.8125 2.8125
3 133 636 840 2.8125 2.8125
3 134 660 840 2.8125 2.8125
3 135 684 840 2.8125 2.8125
3 136 708 840 2.8125 2.8125
3 137 732 840 2.8125 2.8125
3 138 756 840 2.8125 2.8125
3 139 780 840 2.8125 2.8125
3 140 804 840 2.8125 2.8125
3 141 828 840 2.8125 2.8125
3 142 852 840 2.8125 2.8125
3 143 876 840 2.8125 2.8125
3 144 900 840 2.8125 2.8125
3 145 924 840 2.8125 2.8125
3 146 948 840 2.8125 2.8125
3 147 972 840 2.8125 2.8125
3 148 996 840 2.8125 2.8125
3 149 1020 840 2.8125 2.8125
3 150 1044 840 2.8125 2.8125
3 151 1068 840 2.8125 2.8125
3 152 1092 840 2.8125 2.8125
3 153 1116 840 2.8125 2.8125
3 154 1140 840 2.8125 2.8125
3 155 1164 840 2.8125 2.8125
3 156 1188 840 2.8125 2.8125
3 157 1212 840 2.8125 2.8125
3 158 1236 840 2.8125 2.8125
3 159 1260 840 2.8125 2.8125
3 160 1284 840 2.8125 2.8125
3 161 1308 840 2.8125 2.8125
3 162 1332 840 2.8125 2.8125
3 163 1356 840 2.8125 2.8125
3 164 1380 840 2.8125 2.8125
3 165 1404 840 2.8125 2.8125
3 166 1428 840 2.8125 2.8125
3 167 1452 840 2.8125 2.8125
3 168 1476 840 2.8125 2.8125
3 169 1500 840 2.8125 2.8125
3 170 1524 840 2.8125 2.8125
3 171 1548 840 2.8125 2.8125
3 172 1572 840 2.8125 2.8125
3 173 1596 840 2.8125 2.8125
3 174 1620 840 2.8125 2.8125
3 175 1644 840 2.8125 2.8125
3 176 1668 840 2.8125 2.8125
3 177 1692 840 2.8125 2.8125
3 178 1716 840 2.8125 2.8125
3 179 1740 840 2.8125 2.8125
3 180 1764 840 2.8125 2.8125
3 181 1788 840 2.8125 2.8125
3 182 1812 840 2.8125 2.8125
3 183 1836 840 2.8125 2.8125
3 184 1860 840 2.8125 2.8125
3 185 1884 840 2.8125 2.8125
4 186 8 864 3 3
4 187 21 864 3 3
4 188 37 864 3 3
4 189 53 864 3 3
4 190 69 864 3 3
4 191 85 864 3 3
4 192 101 864 3 3
4 193 117 864 3 3
4 194 133 864 3 3
4 195 149 864 3 3
4 196 165 864 3 3
4 197 181 864 3 3
4 198 197 864 3 3
4 199 213 864 3 3
4 200 229 864 3 3
4 201 245 864 3 3
4 202 261 864 3 3
4 203 277 864 3 3
4 204 293 864 3 3
4 205 309 864 3 3
4 206 325 864 3 3
4 207 341 864 3 3
4 208 357 864 3 3
4 209 373 864 3 3
4 210 389 864 3 3
4 211 405 864 3 3
4 212 421 864 3 3
4 213 437 864 3 3
4 214 453 864 3 3
4 215 469 864 3 3
4 216 485 864 3 3
4 217 501 864 3 3
4 218 517 864 3 3
4 219 533 864 3 3
4 220 549 864 3 3
4 221 565 864 3 3
4 222 581 864 3 3
4 223 597 864 3 3
4 224 613 864 3 3
4 225 629 864 3 3
4 226 645 864 3 3
4 227 661 864 3 3
4 228 677 864 3 3
4 229 693 864 3 3
4 230 709 864 3 3
4 231 725 864 3 3
4 232 741 864 3 3
4 233 757 864 3 3
4 234 773 864 3 3
4 235 789 864 3 3
4 236 805 864 3 3
4 237 821 864 3 3
4 238 837 864 3 3
4 239 853 864 3 3
4 240 869 864 3 3
4 241 885 864 3 3
4 242 901 864 3 3
4 243 917 864 3 3
4 244 933 864 3 3
4 245 949 864 3 3
4 246 965 864 3 3
4 247 981 864 3 3
4 248 997 864 3 3
4 249 1013 864 3 3
4 250 1029 864 3 3
4 251 1045 864 3 3
4 252 1061 864 3 3
4 253 1077 864 3 3
4 254 1093 864 3 3
4 255 1109 864 3 3
4 256 1125 864 3 3
4 257 1141 864 3 3
4 258 1157 864 3 3
4 259 1173 864 3 3
4 260 1189 864 3 3
4 261 1205 864 3 3
4 262 1221 864 3 3
4 263 1237 864 3 3
4 264 1253 864 3 3
4 265 1269 864 3 3
4 266 1285 864 3 3
4 267 1301 864 3 3
4 268 1317 864 3 3
4 269 1333 864 3 3
4 270 1349 864 3 3
4 271 1365 864 3 3
4 272 1381 864 3 3
4 273 1397 864 3 3
4 274 1413 864 3 3
4 275 1429 864 3 3
4 276 1445 864 3 3
4 277 1461 864 3 3
4 278 1477 864 3 3
4 279 1493 864 3 3
4 280 1509 864 3 3
4 281 1525 864 3 3
4 282 1541 864 3 3
4 283 1557 864 3 3
4 284 1573 864 3 3
4 285 1589 864 3 3
4 286 1605 864 3 3
4 287 1621 864 3 3
4 288 1637 864 3 3
4 289 1653 864 3 3
4 290 1669 864 3 3
4 291 1685 864 3 3
4 292 1701 864 3 3
4 293 1717 864 3 3
4 294 1733 864 3 3
4 295 1749 864 3 3
4 296 1765 864 3 3
4 297 1781 864 3 3
4 298 1797 864 3 3
4 299 1813 864 3 3
4 300 1829 864 3 3
4 301 1845 864 3 3
4 302 1861 864 3 3
4 303 1877 864 3 3
4 304 1893 864 3 3
4 305 1893 864 3 3
0 306 1104 648 1.11237 1.11237
0 307 1136 648 1.11237 1.11237
0 308 1168 648 1.11237 1.11237
0 309 1200 648 1.11237 1.11237
0 310 1232 648 1.11237 1.11237
0 311 1264 648 1.11237 1.11237
0 312 1296 648 1.11237 1.11237
0 313 1328 648 1.11237 1.11237
0 314 1360 648 1.11237 1.11237
0 315 1392 648 1.11237 1.11237
0 316 1041.62 552 1.11237 1.11237
0 317 1009.62 552 1.11237 1.11237
0 318 974.021 552 1.11237 1.11237
0 319 938.426 552 1.11237 1.11237
0 320 902.83 552 1.11237 1.11237
0 321 867.234 552 1.11237 1.11237
0 322 803.234 448 1.11237 1.11237
0 323 771.234 448 1.11237 1.11237
0 324 739.234 448 1.11237 1.11237
0 325 683.234 360 1.11237 1.11237
0 326 651.234 360 1.11237 1.11237
0 327 867.234 272 1.11237 1.11237
0 328 899.234 272 1.11237 1.11237
0 329 931.234 272 1.11237 1.11237
0 330 931.234 272 1.11237 1.11237
